[0, 600]
[128, 600]

[4, 7]
[128, 600]

[8, 15]
[128, 600]

[12, 21]
[128, 600]

[16, 28]
[128, 600]

[20, 33]
[128, 600]

[24, 39]
[128, 600]

[28, 43]
[128, 600]

[32, 48]
[128, 600]

[36, 51]
[128, 600]

[40, 55]
[128, 600]

[44, 57]
[128, 600]

[48, 60]
[128, 600]

[52, 61]
[128, 600]

[56, 63]
[128, 600]

[60, 63]
[128, 600]

[64, -64]
[128, 600]

[68, -63]
[128, 600]

[72, -63]
[128, 600]

[76, -61]
[128, 600]

[80, -60]
[128, 600]

[84, -57]
[128, 600]

[88, -55]
[128, 600]

[92, -51]
[128, 600]

[96, -48]
[128, 600]

[100, -43]
[128, 600]

[104, -39]
[128, 600]

[108, -33]
[128, 600]

[112, -28]
[128, 600]

[116, -21]
[128, 600]

[120, -15]
[128, 600]

[124, -7]
[128, 600]

[128, 0]
[128, 600]
